63
10.400001525878906
J161 4 23.599998 32.1 23.599998 32.1
J165 4 32.1 32.1 57.6 23.599998
J20 3 23.599998 23.599998 32.1
J24 4 13.8 23.599998 32.1 23.599998
J28 3 23.599998 23.599998 32.1
J272 3 15.1 15.1 0.2
J275 3 15.1 15.1 10.6
J273 3 13.8 10.6 0.2
J153 4 23.599998 32.1 23.599998 32.1
J32 3 15.1 15.1 23.599998
J157 4 32.1 23.599998 23.599998 32.1
J278 3 15.1 15.1 15.1
J35 3 15.1 15.1 68.2
J183 3 59.699997 32.1 38.199997
J44 3 32.1 68.2 32.1
J49 3 32.1 32.1 57.6
J191 4 32.1 15.1 15.1 23.599998
J177 3 15.1 38.2 15.1
J174 4 15.1 23.599998 15.1 32.1
J54 3 23.599998 59.699997 32.1
J66 3 32.1 68.2 32.1
J194 3 38.2 15.1 15.1
J71 3 57.6 32.1 32.1
J76 3 23.599998 59.699997 32.1
J86 3 15.1 32.1 10.6
J89 4 10.6 15.1 23.599998 32.1
J93 4 32.1 32.1 23.599998 23.599998
J97 4 23.599998 23.599998 32.1 32.1
J200 3 38.199997 32.1 59.699997
J5 3 15.1 15.1 68.2
J8 3 23.599998 15.1 15.1
J221 3 0.2 15.1 15.1
J224 3 10.6 10.6 15.1
J101 4 23.599998 32.1 23.599998 32.1
J222 3 10.6 32.1 0.2
J105 4 32.1 23.599998 32.1 23.599998
J226 3 32.1 0.2 10.6
J227 3 0.2 15.1 15.1
J109 4 23.599998 32.1 23.599998 32.1
J215 3 23.599998 32.1 23.599998
J123 3 10.6 15.1 15.1
J245 3 23.599998 32.1 23.599998
J127 3 15.1 10.6 15.1
J230 4 15.1 15.1 32.1 15.1
J236 3 15.1 10.6 10.6
J233 3 0.2 15.1 15.1
J113 4 15.1 10.6 32.1 23.599998
J234 3 10.6 32.1 0.2
J239 3 0.2 15.1 15.1
J116 3 32.1 10.6 15.1
J238 3 10.6 32.1 0.2
J260 3 15.1 15.1 15.1
J265 3 0.2 10.6 13.8
J141 4 23.599998 57.6 32.1 32.1
J263 3 10.6 15.1 15.1
J269 3 15.1 15.1 15.1
J145 4 23.599998 32.1 23.599998 32.1
J266 3 15.1 15.1 0.2
J149 4 32.1 32.1 23.599998 23.599998
J131 3 15.1 10.6 15.1
J12 3 23.599998 32.1 23.599998
J135 3 15.1 15.1 10.6
J16 4 23.599998 23.599998 32.1 13.8
